MAS ARG  GM PIG IMS   RUD ACU KMV HOW SOR      Rank, Team, Conf, Record      SCH KAM BRN DCI LAZ   GRN KEL SFX PAY DOK   CGV CTW MOR KEE PGH    Rank, Team   NUT CLA KKM BDF DES   GRL BIL ALD DWI SOL   PFZ SAG MAR BAS  AP    Rank, Team   FEI CSL USA ONV UCS   DEZ    Mean Median St.Dev

   1   1   1   1   3     1   1   2   2   2    1 Florida          SEC    2-0     1   1   1   1   3     1   2   1   1   1     1   1   1   4   5    1 FL           1   5   2   1   1     1   5   1   1   8     1  11   1   2   1    1 FL           1   1   1   4   6     1    2.09   1.0   2.11
   2   2   2   2   2     3   2   1   1   1    2 USC              P10    2-0     2   2   2   2   1     2   1   2   2   2     3   3   3   2   1    2 USC          2   1   1   4   2     3   1   2   4   1     2   1   4   1   3    2 USC          2   2   3   3   9    23    2.65   2.0   3.34
   3   3   3   3   1     2   3   3   3   3    3 Texas            B12    2-0     3   3   5   4   4     4   3   4   6   4     2   2   4   1   4    3 TX           5   2   4   2   3     2   7   4   2   3     3   9  10   5   2    3 TX           3   4   2   2   4    18    3.83   3.0   2.77
   4   4   4   5   6    12   6   4   8   5    4 Alabama          SEC    2-0     4   6  11   8  10     8   5  12   9  11     5  11   6   5   2    4 AL          11   3   7   7   4     6   2   9   8   2     8   4  11  31   4    4 AL           5   6   4   6   5    11    7.07   6.0   4.60
  15   6   5   9   9     8   8   8   4   9    5 Boise St         WAC    2-0     8  22   7   9   5     5   7   5  11   7     9   7  11  12   6    5 Boise St    10   4   3   6   7    12   3   8   3   4    11   3  26  11  10    5 Boise St    27   5  10   5   3     9    8.52   8.0   5.27
  13  11   8  10  13     5  10  11  18   8    6 California       P10    2-0     5  12   4  10   2    10  16   6   5   5    10   5   8  10   7    6 CA           7   6  16   8  12    11  21  13  14  14     5   7   7   3   8    6 CA          21  18   7  11  11     7    9.82  10.0   4.51
   5   5   6   4  10     4   4   9   5  11    7 Oklahoma         B12    1-1     6   4   3   3   6    11  10   3   3   3     4   4   2  14  21    7 OK           3  39  18   3  15     4  14   3   6  31     4   8   5   4  12    7 OK           7  10  12  44  54    10   10.13   6.0  11.14
  10   9   9  11   8     9   7  15  11  13    8 BYU              MWC    2-0    16  10  14  22   9     9  13  18   4  10    11  14  29   3  10    8 BYU         13  10   5  21   9     7   4  17  11  12     7   2   2   9   7    8 BYU         10  20   9   1   8    20   10.88  10.0   5.66
   8   7   7  12   7    10   9   6   6   6    9 Penn St          B10    2-0     9   7  13  17   7    20   9   6  14   9    16   6  13   7   9    9 Penn St     18   7  12  18   5    13  13   6  10   7     6  17  29  29   5    9 Penn St     13  13   5   9  13    58   11.92   9.0   8.92
  11  16  10  17   4    15   5   7  13   7   10 TCU              MWC    1-0    10   8  12  13  28     3   6   6   8  14    19  15  12   6  22   10 TCU          9  17  15  14  10    15   9  10   5  16     9  12   9  39  15   10 TCU         29   9  15  18  45    39   14.09  12.0   9.10

 MAS ARG  GM PIG IMS   RUD ACU KMV HOW SOR      Rank, Team, Conf, Record      SCH KAM BRN DCI LAZ   GRN KEL SFX PAY DOK   CGV CTW MOR KEE PGH    Rank, Team   NUT CLA KKM BDF DES   GRL BIL ALD DWI SOL   PFZ SAG MAR BAS  AP    Rank, Team   FEI CSL USA ONV UCS   DEZ    Mean Median St.Dev

  12  13  12   7  11    16  18  12   9  12   11 Ohio St          B10    1-1    12   5   6   6  14    23  11   6  13   8    26   8   7  32   3   11 Ohio St      4  19  13   9  11     8  10  11  16  13    40   5  20  15  11   11 Ohio St      4  16  11  37  61    63   15.24  12.0  12.84
   9  26  16  21  24    13  14  10  14  10   12 Texas Tech       B12    2-0    14  17   9  11  13    12   8  13   7  13     6  12   9  15  30   12 TX Tech      6  23  14  11  14     5   8   7   9  44    16  44  14  32       12 TX Tech     25   8      25  34    16   16.53  13.5   9.44
  14  21  23  13  16     6  11  17  16  29   13 Cincinnati       BE     2-0    11  23  10  21  11    13  17  13  12  33    12  24  39  11  15   13 Cincin      14  11  11  22  17    16  20  23  24  35    13  48   3  10  17   13 Cincin      46   7  21   8   2     2   17.43  15.5  10.21
  19  12  13  24  12    32  26   5  10   4   14 Utah             MWC    2-0    18  24  24   5  36     6   4  18  39  25     7  18  17  23  17   14 UT          15  15   6  19   8    10   6   5   7  10    12  16  36  53  18   14 UT          31   3  16  12  46    33   17.77  16.0  11.76
   6  14  15  29  15     7  15  13  12  14   15 Missouri         B12    2-0    19  13  15  19   8    30  14  13  18  31    24  28  22  29  12   15 MO          22   9   8  25  37    38  19  12  13  21    19  13  16   8       15 MO          37  30  25  15  15    27   19.05  15.0   8.45
  18  22  11   6   5    33  16  19  44  19   16 Mississippi      SEC    1-0    17  11   8   7  43     7  20   6  17  12    21  10   5   9  32   16 MS           8  29  43   5   6     9  17  15  12  15    32  41  12  57   5   16 MS          58  17   6  10  42    43   19.62  15.5  14.64
  17  29  14  15  20    14  22  14  22  20   17 Nebraska         B12    2-0    15  20  19  15  16    17  19  18  15  17    15  32  26  17  18   17 NE          20   8  19  20  29    14  25  22  19  23    24  37  13  28  19   17 NE          67  23  18  21   1     4   20.05  19.0   9.57
   7  15  28  14  14    17  13  25   7  27   18 LSU              SEC    2-0    30  15  26  28  12    28  26  16  41  15    17  21  28   8   8   18 LSU         24  14   9  26  16    45  11  32  28   9    20   6  49   6   9   18 LSU          9  38   7   7  17    66   20.33  16.5  12.81
  26  10  32   8  18    20  29  24  20  23   19 Virginia Tech    ACC    1-1    23  14  18  18  20    22  25  18  21   6    18  23  15  38  13   19 Va Tech     26  34  30  23  13    30  24  24  21  27    30  10  28  21  13   19 Va Tech      8  29  14  39  53    46   22.77  22.5   9.62
  16   8  24  18  27    19  12  26  23  32   20 Kansas           B12    2-0    21  21  23  23  22    24  29  18  24  24    14  16  20  19  37   20 KS          23  28  23  17  33    22  32  30  27  37    14  55  17   7  22   20 KS          22  35  23  17  25    13   23.14  23.0   8.37

 MAS ARG  GM PIG IMS   RUD ACU KMV HOW SOR      Rank, Team, Conf, Record      SCH KAM BRN DCI LAZ   GRN KEL SFX PAY DOK   CGV CTW MOR KEE PGH    Rank, Team   NUT CLA KKM BDF DES   GRL BIL ALD DWI SOL   PFZ SAG MAR BAS  AP    Rank, Team   FEI CSL USA ONV UCS   DEZ    Mean Median St.Dev

  27  20  27  26  21    18  36  20  30  26   21 Pittsburgh       BE     2-0    13  16  20  16  21    19  21  18  16  32    13  17  18  36  34   21 Pitt        19  12  32  10  23    26  29  20  35  11    31  51   6  38       21 Pitt        33  14      22  29     3   23.41  21.0   9.47
  32  23  19  23  19    39  38  23  31  16   22 Iowa             B10    2-0    27   9  16  12  15    26  30  24  10  19    23  13  10  13  23   22 IA          12  18  40  13  32    29  31  19  39  24    23  23  15  36       22 IA          19  22      26  24    48   23.85  23.0   9.19
  35  25  18  19  22    30  17  21  32  21   23 Oklahoma St      B12    1-1    20  37  21  27  31    32  23  16  28  26    33  22  21  31  25   23 Okla St     16  35  31  27  18    21  23  21  22  18    46  18  33  35  16   23 Okla St     18  37  17  40  57    53   26.86  24.0   9.53
  30  35  17  16  28    28  32  22  24  17   24 Oregon           P10    1-1    28  18  17  14  30    18  18  11  22  23    36  20  16  41  20   24 OR          17  38  28  15  21    18  15  14  38  33    49  14  44  16       24 OR          36  15      56  65    81   27.61  22.0  14.64
  31  17  26  27  23    26  27  30  25  22   25 Georgia Tech     ACC    2-0    29  46  53  32  25    31  22  55  25  29    30  26  30  21  11   25 Ga Tech     25  13  21  61  22    33  16  27  20   5    45  27  39  44  14   25 Ga Tech     11  25  13  16  31    60   28.01  26.0  12.52
  36  34  22  22  26    11  19  38  35  39   26 Houston          CUSA   2-0     7  28  22  35  35    16  37  33  19  52    28  25  43  16  29   26 Houston     30  16  29  33  30    47  18  43  17  28    33  19   8  30  21   26 Houston     49  24      28  26    24   28.23  28.0  10.33
  23  30  30  30  30    35  33  27  15  25   27 West Virginia    BE     2-0    40  31  40  25  27    21  24  34  40  34    25   9  24  34  14   27 WV          27  21  10  48  31    31  26  29  48  34    18  38  27  12       27 WV           6  11      29  35    68   28.91  29.0  11.42
  21  19  25  33  17    42  23  16  19  15   28 Oregon St        P10    2-0    39  32  41  20  34    14  15  34  43  44    27  35  33  20  19   28 Oreg St     32  26  17  50  27    28  22  18  40  39    25  31  38  45       28 Oreg St     51  12  24  20  41    37   29.24  27.0  10.57
  29  38  29  56  37    27  20  31  36  24   29 Arizona          P10    2-0    25  26  33  24  41    15  31  27  20  40    22  19  14  22  36   29 AZ          21  22  34  12  44    17  27  25  33  20    27  29  21  51       29 AZ          35  32      32  20    62   29.70  27.0  10.58
  20  24  20  20  31    45  25  18  21  18   30 Georgia          SEC    1-1    37  33  29  30  42    33  12  24  45  20    32  40  23  26  26   30 GA          29  43  25  32  19    19  12  16  25  43    39  21  47  26  23   30 GA          17  21  20  41  71   105   30.20  25.5  15.98

 MAS ARG  GM PIG IMS   RUD ACU KMV HOW SOR      Rank, Team, Conf, Record      SCH KAM BRN DCI LAZ   GRN KEL SFX PAY DOK   CGV CTW MOR KEE PGH    Rank, Team   NUT CLA KKM BDF DES   GRL BIL ALD DWI SOL   PFZ SAG MAR BAS  AP    Rank, Team   FEI CSL USA ONV UCS   DEZ    Mean Median St.Dev

  24  18  31  28  25    31  47  28  40  28   31 North Carolina   ACC    2-0    24  44  48  37  45    29  27  40  27  35    31  30  31  25  24   31 NC          50  20  39  41  28    37  30  28  30   6    29  24  19  48  24   31 NC          44  34  19  14  27    32   30.90  29.5   9.50
  28  51  35  25  29    36  34  35  39  30   32 Miami FL         ACC    1-0    26  35  34  26  33    25  28  34  23  16    29  57  41  37  16   32 Mia FL      44  27  35  34  20    24  37  38  15  19    52  15  18  46  20   32 Mia FL      28  33  22  13  19    59   30.92  29.5  11.02
  22  36  39  46  35    25  43  29  17  31   33 Boston College   ACC    2-0    31  39  28  44  17    37  32  34  33  21    20  39  38  43  35   33 BC          43  25  20  43  35    27  40  34  23  17    22  47  42  13       33 BC          20  31      31  12     6   31.07  31.5  10.21
  38  37  21  35  45    22  21  32  26  35   34 Tulsa            CUSA   2-0    32  30  32  45  39    47  33  30  30  43     8  27  40  18  44   34 Tulsa       35  37  26  31  45    75  28  31  18  26    15  30  30  34       34 Tulsa       57  27      30  39     8   32.99  31.5  11.92
  25  28  52  41  42    21  28  41  27  46   35 Auburn           SEC    2-0    35  41  42  47  18    35  43  30  37  18    41  38  36  28  33   35 Auburn      40  32  24  40  51    32  46  55  46  51    34  39  23  19       35 Auburn      16  86      34   7    51   36.75  36.5  13.36
  40  42  40  34  44    34  39  44  34  40   36 Clemson          ACC    1-1    22  36  39  34  32    34  48  24  26  28    49  36  27  47  40   36 Clemson     31  40  45  28  36    20  38  42  29  25    37  25  31  24       36 Clemson     14  50      50  49    79   36.91  36.0  10.92
  39  49  48  38  46    24  49  58  33  52   37 Michigan         B10    2-0    49  29  44  57  19    51  59  46  51  36    58  49  51  44  31   37 MI          37  30  27  42  24    48  45  75  49  42    60  20  40  20  25   37 MI          12 100      23  28    41   42.38  44.0  15.98
  37  27  42  40  47    23  24  43  29  43   38 South Florida    BE     2-0    38  57  46  33  29    52  44  40  58  46    40  41  52  39  38   38 USF         60  36  37  47  34    59  39  44  59  46    17  33  94  14       38 USF         47  62      33  40    42   42.44  40.5  13.59
  48  33  44  32  48    37  35  45  54  44   39 Notre Dame       FBSI   1-1    42  25  30  54  38    55  55  34  29  30    50  44  32  40  49   39 N Dame      49  47  59  24  26    54  57  47  53  60    42  32  35  55       39 N Dame      15  66      51  48    28   43.00  44.0  11.53
  34  32  67  44  33    29  41  57  42  50   40 UCLA             P10    2-0    48  58  52  49  23    36  53  44  47  47    52  63  54  24  28   40 UCLA        57  33  36  49  38    40  49  74  65  22    57  22  46  25       40 UCLA        41  56      19  16    29   43.09  44.0  14.01

 MAS ARG  GM PIG IMS   RUD ACU KMV HOW SOR      Rank, Team, Conf, Record      SCH KAM BRN DCI LAZ   GRN KEL SFX PAY DOK   CGV CTW MOR KEE PGH    Rank, Team   NUT CLA KKM BDF DES   GRL BIL ALD DWI SOL   PFZ SAG MAR BAS  AP    Rank, Team   FEI CSL USA ONV UCS   DEZ    Mean Median St.Dev

  41  46  38  47  36    41  31  55  71  47   41 Baylor           B12    1-0    33  47  27  29  62    27  52  46  36  60    45  31  34  33  39   41 Baylor      33  41  55  16  75    23  53  62  26  36    64  42  34  70       41 Baylor      68  78      27  14    26   43.48  41.0  15.88
  46  45  34  42  50    60  58  34  38  36   42 Florida St       ACC    1-1    45  19  43  41  50    40  35  34  44  27    44  37  19  70  43   42 FSU         28  48  57  54  25    39  42  26  36  53    41  40  48  67       42 FSU         30  26      57  88    95   44.33  42.0  15.63
  43  41  50  48  52    47  40  48  46  55   43 Kentucky         SEC    1-0    47  34  49  50  37    58  50  46  38  45    39  51  57  50  46   43 KY          51  42  38  59  46    46  51  52  62  52    10  28  25  17       43 KY          82  72      52  21    15   45.54  47.0  13.63
  47  43  41  55  32    40  30  42  28  37   44 Wisconsin        B10    2-0    50  66  57  58  26    63  34  59  60  56    48  56  58  30  27   44 WI          52  24  22  73  39    66  43  46  72  30    54  26  62  42       44 WI          40  51      45  23    57   46.03  45.5  14.08
  33  54  55  31  43    46  45  36  37  38   45 South Carolina   SEC    1-1    36  50  47  36  49    39  40  40  48  50    61  60  47  35  48   45 SC          45  58  42  45  55    25  36  41  41  87    61  36  41  40       45 SC          24  43      49  68    77   46.20  44.0  12.35
  42  61  62  43  64    44  42  52  47  54   46 Arizona St       P10    1-0    55  40  38  42  40    38  63  30  34  49    42  48  35  65  51   46 Ariz St     41  64  50  38  64    36  47  63  57  50    21  34  56  23       46 Ariz St     45  67      60  10    12   46.22  46.0  13.84
  44  31  51  50  39    51  52  39  43  34   47 Wake Forest      ACC    1-1    43  45  35  39  51    41  38  55  46  41    56  43  37  45  47   47 Wake        47  50  51  29  49    43  54  36  43  41    50  35  59  56       47 Wake        48  52      95  63    88   47.70  45.5  12.33
  45  52  49  39  58    49  44  59  48  58   48 Arkansas         SEC    1-0    52  52  60  43  46    44  54  44  64  37    35  62  44  42  41   48 AR          53  55  41  46  63    49  61  69  54  45    48  57  68  27       48 AR          23  63      36  18    14   48.27  48.5  12.33
  50  63  33  49  51    38  70  47  51  48   49 Navy             FBSI   1-1    34  27  37  48  54    50  49  55  35  59    69  59  48  68  50   49 Navy        42  51  53  35  52    34  58  45  32  65    38  49  24  54       49 Navy        32  44      72  84    76   49.93  49.5  13.47
  51  47  58  63  34    52  48  40  57  41   50 Minnesota        B10    2-0    57  48  63  63  48    45  39  65  56  54    34  45  68  27  42   50 MN          78  31  47  66  48    60  50  53  63  29    69  46  45  63       50 MN          55  65      38  33    44   50.94  49.0  11.97

 MAS ARG  GM PIG IMS   RUD ACU KMV HOW SOR      Rank, Team, Conf, Record      SCH KAM BRN DCI LAZ   GRN KEL SFX PAY DOK   CGV CTW MOR KEE PGH    Rank, Team   NUT CLA KKM BDF DES   GRL BIL ALD DWI SOL   PFZ SAG MAR BAS  AP    Rank, Team   FEI CSL USA ONV UCS   DEZ    Mean Median St.Dev

  65  40  37  57  38    64  37  53  45  72   51 Southern Miss    CUSA   2-0    67  56  62  60  58    56  61  51  71  55    37  42  59  54  59   51 So Miss     59  44  44  56  50    64  71  56  47  32    35  68  70  66       51 So Miss     34  40      35  22    22   51.89  55.5  13.36
  57  50  61  45  65    54  55  64  49  63   52 Tennessee        SEC    1-1    62  43  36  56  24    69  75  27  31  22    62  65  46  64  54   52 TN          48  60  65  52  54    53  64  59  85  40    28  43  66  18       52 TN          53  61      58  47    34   52.24  54.0  14.66
  59  44  46  36  63    66  57  33  53  33   53 Michigan St      B10    1-1    60  49  55  62  56    77  41  51  59  38    38  53  50  71  61   53 Mich St     58  68  67  60  41    56  41  33  45  55    47  65  58  49       53 Mich St     39  36      55  80    47   52.79  54.0  11.84
  56  56  45  61  41    53  56  49  55  49   54 Connecticut      BE     1-1    46  62  56  51  60    42  45  51  52  62    60  58  55  48  57   54 CT          56  45  56  58  71    74  44  40  56  38    44  52  43  65       54 CT          60  59      64  51    56   53.87  55.5   8.07
  55  48  70  52  53    55  54  56  61  59   55 Vanderbilt       SEC    1-1    63  61  58  64  57    54  51  59  62  57    43  46  56  56  58   55 Vandy       62  65  68  55  53    62  34  49  44  48    43  60  77  50       55 Vandy       26  98      77  67    38   56.83  56.0  11.88
  61  60  36  59  40    62  59  46  50  68   56 Rutgers          BE     1-1    68  42  59  31  73    48  47  27  72  74    55  29  25  78  62   56 Rutgers     38  80  48  44  43    42  52  39  78  61    58  88  78  62       56 Rutgers     65  19      96  90    80   56.88  59.0  18.47
  68  58  43  62  62    65  61  51  58  53   57 Air Force        MWC    1-1    64  60  50  75  52    64  57  55  55  51    54  61  74  58  70   57 A Force     71  61  71  65  69    84  56  50  50  67    26  56  53  33       57 A Force     63  60      59  52     5   57.77  58.5  13.12
  53  68  56  64  79    43  65  73  64  60   58 Purdue           B10    1-1    41  51  31  52  47    49  70  46  32  53    75  52  45  60  66   58 Purdue      34  57  64  30  59    58  68  70  61  69    59  50  32  37       58 Purdue      59  94      93  62    85   57.87  59.0  15.41
  63  64  54  58  55    83  67  37  52  42   59 Northwestern     B10    2-0    80  64  66  46  66    66  36  61  77  68    46  47  53  55  52   59 NWestern    61  49  52  51  47    76  33  37  55  54    55  86 113  71       59 NWestern    62  53      45  43    49   58.20  55.0  15.16
  52  39  47  51  73    59  46  61  70  56   60 Stanford         P10    1-1    53  59  51  53  63    65  62  46  50  42    59  34  49  49  71   60 Stanford    46  77  73  39  60    50  55  57  64  58    67  58  60  61       60 Stanford    56  85      68  92    65   58.24  58.0  11.81

 MAS ARG  GM PIG IMS   RUD ACU KMV HOW SOR      Rank, Team, Conf, Record      SCH KAM BRN DCI LAZ   GRN KEL SFX PAY DOK   CGV CTW MOR KEE PGH    Rank, Team   NUT CLA KKM BDF DES   GRL BIL ALD DWI SOL   PFZ SAG MAR BAS  AP    Rank, Team   FEI CSL USA ONV UCS   DEZ    Mean Median St.Dev

  58  57  60  37  59    63  66  66  67  64   61 NC State         ACC    1-1    56  53  25  40  55    61  66  40  61  48    65  64  42  62  72   61 NC St       39  79  77  36  66    41  60  61  60  63    51  75  69  72       61 NC St       52  58      96  73    21   58.33  60.5  14.47
  60  69  57  72  61    48  63  69  68  62   62 Bowling Green    MAC    1-1    44  38  45  55  61    57  72  61  42  65    70  54  60  76  73   62 B Green     36  53  63  37  80    55  77  65  34  82    62  59  22  64       62 B Green     69  79      63  59    31   59.11  61.0  13.94
  49  55  74  66  69    50  51  68  60  69   63 Texas A&M        B12    1-0    51  54  54  72  44    71  68  61  54  39    74  69  64  61  55   63 TexA&M      55  63  46  64  90    57  81  79  80  71    36  45  57  22       63 TexA&M      54  95      52  32    17   59.25  58.5  15.97
  66  59  63  53  49    58  53  65  65  65   64 C Michigan       MAC    1-1    61  67  65  67  75    62  58  65  57  75    47  55  65  51  60   64 C Mich      63  56  54  71  40    69  59  66  31  68    76  61  37  69       64 C Mich      43  48      62  56    99   60.53  61.5  11.51
  67  62  64  60  57    76  69  60  63  57   65 East Carolina    CUSA   1-1    74  63  72  61  77    60  56  65  67  63    53  50  63  66  56   65 ECU         65  72  60  69  42    78  48  54  42  66    71  71  50  58       65 ECU         38  41      54  89    93   62.51  63.0  11.55
  64  78  53  67  54    74  81  50  66  51   66 Colorado St      MWC    2-0    71  77  74  59  69    59  42  75  85  70    68  74  70  46  63   66 Col St      66  52  61  74  87    52  73  58  66  88    74  70  61  76       66 Col St     104  47      24  44    45   65.19  66.5  14.67
  54  70  73  68  56    56  79  54  59  45   67 Maryland         ACC    1-1    59  73  67  38  68    53  46  78  73  64    86  67  66  69  45   67 MD          69  62  58  88  57    44  35  51  79  77    88  54  73  47       67 MD          72  55      77  97   109   65.25  66.5  15.56
  72  65  65  65  76    57  60  72  62  70   68 Fresno St        WAC    1-1    54  55  70  73  53    86  73  65  65  58    51  75  83  57  75   68 Fres St     89  66  70  57  73   106  85  76  37  57    53  53  64  41       68 Fres St     42  93      77  55    55   66.37  65.0  13.97
  62  53  68  54  68    79  50  71  69  73   69 Illinois         B10    1-1    86  65  61  70  72    85  67  51  78  67    66  33  62  73  65   69 IL          64  81  69  63  56    73  65  64  71  56    63  73  92  60       69 IL         101  83      96  75    91   69.32  68.0  12.92
  70  66  81  83  70    61  71  62  41  61   70 Hawaii           WAC    2-0    72  80  78  79  59    79  60  97  79  77    72 100  94  52  53   70 HI          75  54  33 108  77    67  67  77 107  74    56  64  86  52       70 HI          80  46      42  37    70   69.87  70.5  17.27

 MAS ARG  GM PIG IMS   RUD ACU KMV HOW SOR      Rank, Team, Conf, Record      SCH KAM BRN DCI LAZ   GRN KEL SFX PAY DOK   CGV CTW MOR KEE PGH    Rank, Team   NUT CLA KKM BDF DES   GRL BIL ALD DWI SOL   PFZ SAG MAR BAS  AP    Rank, Team   FEI CSL USA ONV UCS   DEZ    Mean Median St.Dev

  78  76  77  70  71    72  72  74  87  66   71 UNLV             MWC    1-1    66  68  69  85  70    70  74  80  63  73    81  76  78  74  81   71 UNLV        73  69  94  84  84    35  91  81  76  76    73  78  63  80       71 UNLV       106  97      77  74    25   74.97  75.0  13.17
  76  79  66  74  60    82  74  67  82  74   72 Buffalo          MAC    1-1    69  74  76  74  94    72  65  80  83 103    67  71  72  83  82   72 Buffalo     67  73  72  77  58    68  80  60  51  72    81 105  74  99       72 Buffalo     95  39      64  77   100   75.36  74.0  13.01
  80  82  69 104  66    71  83  78  76  80   73 ULL              SBC    2-0    83  98  94  84  74    75  69 104  84  98    63  70  88  53  69   73 ULL         92  46  66  83  86    65  86  80  70  70    65  80  89  98       73 ULL         89  42      45  36    36   75.53  79.0  16.91
  71  74  79  82  81    67  62  75  56  99   74 Louisville       BE     1-0   116  79 106  82  71    73  71  73  97  84    57  79  75  89  78   74 Lville      88  90  49  95  62    83  75  87 102  73    68  82  93  77       74 Lville      50  69      60  30    19   75.67  76.0  18.16
  87  91  80  75  82    69  73  88  79  84   75 N Illinois       MAC    1-1    65  70  64  76  65   104  95  70  66  71    87  82  93  79  84   75 NIU         74  67  95  68  68    79 106  82  69 103    77  63  80  78       75 NIU         64  92      77  79    52   78.64  78.5  11.94
  75  94  76  87  88    78  87  83  72  78   76 Kansas St        B12    1-1    70  75  79  80  67   101  84  74  70  66    95  72  79  75  76   76 KSU         79  76  87  87 104    77  87  84  90  79    70  66  84  59       76 KSU         70 105      77  66    75   79.76  78.0  10.19
  69  96  91  71  89    70 104  91 102  71   77 Duke             ACC    1-1    58  69  71  65  78    43  91  87  49  76   108  88  77  81  77   77 Duke        70  78 113  80 100    72  99  73  88  47    82  67  51  83       77 Duke       108 107      67  86    72   79.92  78.0  16.94
  82  73  59  69  74    77  68  77  75  75   78 Nevada           WAC    0-1    91  81  82  71  93    88  76  70  99  83    64  68  71  72  88   78 NV          83  96  81  70  61    70  72  71  52  62   115  74 105 105       78 NV          86  73      99 120   112   80.33  75.5  15.29
  77  67  72  76  67    73  80  70  77  79   79 Troy             SBC    0-2    75  84  75  78 102    74  78  64  69  81    84  66  69 103  91   79 Troy        72 109  78  62 102    85  79  67  68 101   109  79  52  87       79 Troy        81  54     119 116   106   80.82  78.0  15.89
  81  85  87  77  99    87 105  81  78  67   80 Virginia         ACC    0-2    73  82  68  66  84    46  83  65  53  61   105  99  61  87  87   80 VA          54  99  99  85  97    63  74  68 108  96    85  72  91  79       80 VA          66  57     117 115   111   81.90  82.5  17.51

 MAS ARG  GM PIG IMS   RUD ACU KMV HOW SOR      Rank, Team, Conf, Record      SCH KAM BRN DCI LAZ   GRN KEL SFX PAY DOK   CGV CTW MOR KEE PGH    Rank, Team   NUT CLA KKM BDF DES   GRL BIL ALD DWI SOL   PFZ SAG MAR BAS  AP    Rank, Team   FEI CSL USA ONV UCS   DEZ    Mean Median St.Dev

  73  99 104  78 102    68  77 103  88  96   81 Washington       P10    1-1    87  71  88 109  64    98 105  80  80  69   106  87  91  67  67   81 WA          80  70  89  86  95    51  96 110 113  49    97  62  97  43       81 WA          91 115      72  60    35   83.42  87.0  19.36
  98  72  75  91  72    86  76  89  86  87   82 Akron            MAC    1-1    78  87  77 101  79    99  93  80  68  85    82  78 102  86  86   82 Akron       94  75  86  98  81   113 107  89  77  83    75  84  82  82       82 Akron       78  82      77  69    54   84.25  82.5  11.01
  74  80  98  73 100    75  84  87  74  92   83 Mississippi St   SEC    1-1    97  96  95  69  82    78  86  70  93  80    93  91  90  98  80   83 Miss St     91  92  74 100  82    61  69  96 101 117    78  97  87  68       83 Miss St     97  76      77  82    30   84.45  85.0  14.25
  85  81  86  97  94    80  75  95  85  94   84 Middle Tenn St   SBC    1-1    79  83  81  83  85    76  92  87  81  89    71  86  80  82  89   84 MTSU        97  86  76  78  88    81  98  93  75  99    72  81  76  90       84 MTSU        71  70      72  91   107   84.52  84.0   8.68
  79  77  92  88  91    81  85  84  73  83   85 Indiana          B10    2-0   109 109 109  95  76    94  80 104 110  92    78 103 101  80  64   85 IN         110  59  62 111  65    82  62 103 109  64    80  77  98  73       85 IN          92 102      45  50    82   85.53  83.5  17.29
 104  71  82  85  75    92  64  79  83 103   86 Arkansas St      SBC    1-1    95 101  99  92  92    80  82  78  86 100    73  81 104  92  95   86 Ark St     103  87  83  97  99   112  94  92  73  75    66 103  65  92       86 Ark St     113  71      77  64    40   86.33  86.5  14.87
  83  97  90  92  77    85  93  85  93  82   87 Wyoming          MWC    1-1    77 103  84  93  83    89  81 109  92  87   103 105  92  59  74   87 WY          86  74  79  90 103    80  83 101  99  80    96  91 101  84       87 WY          75  90      77  93    94   88.35  89.5  10.12
  88  75 105  86  84    89  86 104  80 104   88 UCF              CUSA   1-1    94  76  97  89  90    93 102  80  94  79    79  77  86  94  98   88 UCF         82  82  84  92  83   109 112 105  97  97    84 101  79  74       88 UCF         61  96      77  95    61   88.77  88.5  11.62
  95  92  78 108 103    99  90  98 101 101   89 UAB              CUSA   1-1    89  88  83  91  87    82 101  93  91  88    76  96  81  84 106   89 UAB         93  85  98  67  93    98  88 104  58  78    86 107  85 108       89 UAB         74  80      72  58    90   89.13  90.0  12.12
  86  87 101  90 106    84  82 111  98 107   90 Toledo           MAC    1-1    88  78  87  98  81   103 109  93  82  82    85  83  85  77 102   90 Toledo     100  97  85  79  72    95  90 106  74 107    89  89  75  75       90 Toledo      73 110      72  94    92   89.94  88.5  11.42

 MAS ARG  GM PIG IMS   RUD ACU KMV HOW SOR      Rank, Team, Conf, Record      SCH KAM BRN DCI LAZ   GRN KEL SFX PAY DOK   CGV CTW MOR KEE PGH    Rank, Team   NUT CLA KKM BDF DES   GRL BIL ALD DWI SOL   PFZ SAG MAR BAS  AP    Rank, Team   FEI CSL USA ONV UCS   DEZ    Mean Median St.Dev

 101  90  83  79  97    98 106  86  97  86   91 Louisiana Tech   WAC    0-2    92  92  93  94 105    95  85  75  88  93    94  98  89 113  96   91 La Tech     90 105  97  82  79    89  63  78  84  94   108  90  67 102       91 La Tech     79  77     104 107    84   91.03  92.0  10.87
  92  93  93  96  87    88  88 106  94 105   92 Ohio             MAC    1-1    90  89 101  96  91    81 104 101  87 101    98 108 105  91  97   92 OH          98  83  82 101  67   103  89 100  87  86    90  96  72  93       92 OH          84  84      64  72    83   91.19  91.5  10.19
  94  95 111 100  80    95  96 109 100 111   93 SMU              CUSA   2-0   101 110 107 111  88    67 107 111  95 108    96 102 112  63  90   93 SMU         99  71  93  91  85    99  82 113 110  59   102  99  55 104       93 SMU         90 109      42  38    64   92.25  97.5  19.20
  91 104  94  81  86    90 103 100 108  95   94 Syracuse         BE     0-2    85  72  80  86  86    83  97  80  74  86   110  93  84  90  83   94 Syracuse    85  84 102  81 107    96 105  98  96  89   112  76  81  94       94 Syracuse   109  99     104  99   101   92.32  92.0  10.46
  99 106  71 112  92   113 102  63  92  76   95 Rice             CUSA   0-2   107 104  89  68 115    84  64  80 108 105    83  80  67 104 110   95 Rice       101 111  96  72 113    87  70  48  82 100   107 114 108 118       95 Rice       116  28     104 114   113   93.15 100.5  20.56
  97  88 107 107  78    91  78  97  90 108   96 ULM              SBC    1-1    98  94 100  87  95    87  98  87 101 107    88 109 103  93  94   96 ULM        109  93  88  96  96    93 108 108 105  90    79 109  90  88       96 ULM         88  81      77  76    50   93.40  93.5  11.75
 103  89 106  99  83    93  99  76  99  77   97 San Jose St      WAC    0-2    76  93  91 108  99    91  77  97  96  95   100 106  98 101  68   97 SJ St      113  88  80  99 105   116  76  88  86  84   110  69  96 100       97 SJ St      103  91     104 112   108   94.29  96.5  12.03
 100 103  85 102  98   103 108  92 110  89   98 Utah St          WAC    0-1    84  90  73  90 106    96  94  87  90  96    89  73  73 107 100   98 Utah St     68 100 106  53 111   101 110  99  81 111   111  92  71 103       98 Utah St    111 101      99 102    96   94.57  98.5  13.36
 105  98  84  80  96    97  94  90  81  93   99 W Michigan       MAC    0-2   102  95 104  99 100   109  88  87 104  94   102  97  99 109  99   99 W Mich     107 101  91 107  70    94  66  72 104  92    93  85  99  86       99 W Mich     100  68     104 100   119   94.67  97.0  11.40
  90  86  88  98  85    96  91  80  91  85  100 FL Atlantic      SBC    0-1    99 112  98  81 113    68  79 101 112 114    90 111 107  95  92  100 FL Atl     111  98  75 102  78    90  78  85  95  93   113 102 106 112      100 FL Atl     117  49      99 109   110   94.98  95.5  14.31

 MAS ARG  GM PIG IMS   RUD ACU KMV HOW SOR      Rank, Team, Conf, Record      SCH KAM BRN DCI LAZ   GRN KEL SFX PAY DOK   CGV CTW MOR KEE PGH    Rank, Team   NUT CLA KKM BDF DES   GRL BIL ALD DWI SOL   PFZ SAG MAR BAS  AP    Rank, Team   FEI CSL USA ONV UCS   DEZ    Mean Median St.Dev

 106 100 103 105  93   104  89  96 114  91  101 Florida Intl     SBC    0-1    82 100  90  97 107    92  96 109  75 112    80  90  95  85 105  101 FIU         95  89 112  76 116   107 101  94  67  95   116  95  54 120      101 FIU        110  75      99 105   102   96.32  96.5  13.69
  84 105  97  89 107   101  98 105 103  98  102 Iowa St          B12    1-1    93  97  86 102  80   114 106  93 100  78   112  95 100  97  85  102 Iowa St     96 102 105  94 112    71 104 109  92 102   106 104 109  85      102 Iowa St     77 118      77  83    71   96.44  98.0  11.68
  93  83  96  84 109   109  92  94  89  88  103 Colorado         B12    0-2   108  91  96 103  97   111  90  75 106  72    97  92  87 110 108  103 CO          76 110 107  93  98    92  97  86 106 110    98 100 103  81      103 CO          99 111     119 103    89   96.63  97.0  10.89
  89  84  95  95  90   106 107  93  96  90  104 Marshall         CUSA   1-1   103 106 111 100  96   100  89 104 113  90    92  85  96 100  79  104 Marshall   106  94  90 105  74   110 100  97  93 105   103  93 110  96      104 Marshall    76 104      94  98   104   96.71  96.0   9.09
 108 108 108  94 108   112 117 108 113  97  105 Temple           MAC    0-1    81  85  85  88 101    90 112  87  76  91    77  84  76 112 115  105 Temple      77 107 118  75 118   105 120  83  98  91    87 115 102 111      105 Temple     107  64     103 108    87   97.80 101.5  14.70
 115 112  89 106 112   119 116  82  84  81  106 Ball St          MAC    0-2   110 108 110  77 112   110  87 101  98  97   101  94  82 117 118  106 Ball St     81 115 116 113  91    86  84  35 111 114    91 118 118 101      106 Ball St     83  45     117 118   115   99.60 107.0  18.92
 107 102 112 101 105    94 109 110 104 106  107 San Diego St     MWC    1-1   104 111 102 106  89   102 110 113 102 102   113 112 113  88  93  107 SD St      112  95 104 106  76   108 115 111 114  81   101  87  95  91      107 SD St       96 108      77  78    73  100.82 104.0  11.39
 109 111 102 110  95   107  95 107 107 110  108 Kent             MAC    1-1   105 105 113 107  98   107 108 104 105 111    91 104 109  96 101  108 Kent       105  91 100 104 110   111 109 107  83 112    92 108 100  97      108 Kent        85  87      77  81    67  100.97 105.0  10.48
 110 101  99  93 101   108 101  99 106 102  109 UTEP             CUSA   0-2   100 102  92 104 110   106  99  97 107 109    99 101  97 108 112  109 UTEP        84 108 101 103  92   102  95  91  91  98   104 117 107 109      109 UTEP        87  74     104 104   114  101.04 101.5   8.19
 102 115 109 111 110   100 112 113 111 112  110 Army             FBSI   1-1    96  86 105 105 103    97 113 111  89 110   117 113 111  99 109  110 Army       104 103 108 110 101    97 116 102  89  85    83 113  83 106      110 Army        94  88      68  85    86  101.64 104.5  11.44

 MAS ARG  GM PIG IMS   RUD ACU KMV HOW SOR      Rank, Team, Conf, Record      SCH KAM BRN DCI LAZ   GRN KEL SFX PAY DOK   CGV CTW MOR KEE PGH    Rank, Team   NUT CLA KKM BDF DES   GRL BIL ALD DWI SOL   PFZ SAG MAR BAS  AP    Rank, Team   FEI CSL USA ONV UCS   DEZ    Mean Median St.Dev

 111 109 100 103 104   114  97 102 105 109  111 Memphis          CUSA   0-2   112  99 103 113 114   108 103  97 111 104   104 110 108 102 113  111 Memphis     87 114 110 112  89   100 103  95 100 113    95 110 104 115      111 Memphis    102  89     104 117    97  104.71 104.0   7.41
  96 107 110 109 111   102 100 101  95 100  112 New Mexico       MWC    0-2   111 115 112 112 108   112 100  93 114 106   111  89 110 115 103  112 NM         114 116  92 114 114    88  92  90 103 109   114  83 116  95      112 NM          98 103     104 110   117  104.78 107.5   9.08
 112 114 114 114 116   105 115 117 116 115  113 North Texas      SBC    1-1   106 113 114 114 104   105 117 115 103 115   107 114 115 106 117  113 UNT        108 106 103 109  94   114  93 118  94 104    99 116  88 110      113 UNT        105 113      68  87    74  106.74 111.0  11.28
 117 113 113 115 117   117 111 119 118 119  114 E Michigan       MAC    0-2   114 107 108 110 118   113 120 104 109 113   109 107 106 114 120  114 E Mich     102 119 119  89 108   104 117 112 112 115    94 119 114 113      114 E Mich      93 106     104 101    78  110.10 113.0   8.89
 114 117 115 116 113   110 114 116 115 116  115 Idaho            WAC    1-1   115 114 117 118 111   116 116 115 116 118   114 117 117 111 114  115 ID         118 104 115 115 109   115 114 119 116 108   105 112 112 107      115 ID         120 112      68  70    69  110.72 115.0  12.00
 113 110 117 113 120   115 118 112 109 113  116 Washington St    P10    0-2   118 117 115 116 109   117 111 114 117  99   118 116 114 116 111  116 Wash St    115 120 109 117 106    91 102 117 118 118   117 106 117  89      116 Wash St    114 114     104 113   118  112.38 114.5   6.88
 118 116 116 117 114   116 110 114 119 114  117 Tulane           CUSA   0-2   113 116 119 120 117   115 114 120 115 117   116 120 119 105 104  117 Tulane     119 112 111 120 117   117 113 114 115 116   119  98 111 117      117 Tulane     115 119     104 106   120  114.49 116.0   4.93
 116 119 119 118 118   111 113 118 117 117  118 Miami OH         MAC    0-2   117 118 118 119 116   118 118 115 118 116   119 119 118 118 107  118 Mia OH     117 118 114 119 119   118 111 116 117 106   120  94 115 116      118 Mia OH     112 117     104 111   116  115.26 117.0   4.91
 120 120 118 120 115   120 120 115 112 118  119 New Mexico St    WAC    1-1   120 119 120 115 120   120 115 119 120 120   115 118 120 119 119  119 N Mex St   120 113 117 118 115   119 118 115 120 119   100 120 119 119      119 N Mex St   119 116      77  96   103  115.72 119.0   7.95
 119 118 120 119 119   118 119 120 120 120  120 W Kentucky       SBC    0-2   119 120 116 117 119   119 119 118 119 119   120 115 116 120 116  120 WKU        116 117 120 116 120   120 119 120 119 120   118 111 120 114      120 WKU        118 120     104 119    98  117.33 119.0   4.18

--------------------  --------------------                            --------------------  --------------------  --------------------                --------------------  --------------------  --------------------                --------------------  ----

 977 971 970 967 965   964 962 962 961 961  Correlation to Consensus          960 959 957 956 955   955 954 952 952 950   950 949 947 947 946  Correlation    944 944 942 931 928   927 925 924 921 915   914 907 895 881 871  Correlation    870 853 834 817 782   692
 869 890 946 849 813   869 920 865 835 872  Top 25 Cor to Con                 883 763 832 779 862   795 814 841 867 830   789 829 821 806 732  Top 25 Cor     801 835 791 717 891   878 704 814 844 661   818 719 745 850 871  Top 25 Cor     731 725 834 725 545   342
  58 140 151 116  35    12  70 140 128 128  Ranking Violation %                93 163 140 105  70     0 128 181  93 174    81 128 174  23  12  Violation %    174   0  47 140  58   105  47 186 105  35   174  47  58 128 200  Violation %    151 198   0  47  35   209  942
 500 500 400 333   0   333 500 400 250 400  Top 25 RV %                       250 500 400 250 250     0 400 200 250 500   500 400   0   0   0  Top 25 RV %    333   0   0 250   0   400 167 400 200   0  1000 167   0 500 200  Top 25 RV %    286 250   0   0   0  1000  667
